Number  Position  Material  Node1  Node2  Node3  Node4
1   9      1      193      238      239      194
2   9      1      238      283      284      239
3   9      1      283      328      329      284
4   9      1      328      373      374      329
5   9      1      373      418      419      374
6   9      1      418      463      464      419
7   9      1      463      508      509      464
8   9      1      508      553      554      509
9   9      1      553      598      599      554
10   9      1      598      643      644      599
11   9      1      643      688      689      644
12   9      1      688      733      734      689
13   9      1      733      778      779      734
14   9      1      778      823      824      779
15   9      1      823      868      869      824
16   9      1      868      913      914      869
17   9      1      913      958      959      914
18   9      1      958      1003      1004      959
19   9      1      1003      1048      1049      1004
20   9      1      1048      1093      1094      1049
21   9      1      1093      1138      1139      1094
22   9      1      1138      1183      1184      1139
23   9      1      1183      1228      1229      1184
24   9      1      1228      1273      1274      1229
25   9      1      1273      1318      1319      1274
26   9      1      1318      1363      1364      1319
27   9      1      1363      1408      1409      1364
28   9      1      1408      1453      1454      1409
29   9      1      1453      1498      1499      1454
30   9      1      1498      1543      1544      1499
31   9      1      1543      1588      1589      1544
32   9      1      1588      1633      1634      1589
33   9      1      194      239      240      195
34   9      1      239      284      285      240
35   9      1      284      329      330      285
36   9      1      329      374      375      330
37   9      1      374      419      420      375
38   9      1      419      464      465      420
39   9      1      464      509      510      465
40   9      1      509      554      555      510
41   9      1      554      599      600      555
42   9      1      599      644      645      600
43   9      1      644      689      690      645
44   9      1      689      734      735      690
45   9      1      734      779      780      735
46   9      1      779      824      825      780
47   9      1      824      869      870      825
48   9      1      869      914      915      870
49   9      1      914      959      960      915
50   9      1      959      1004      1005      960
51   9      1      1004      1049      1050      1005
52   9      1      1049      1094      1095      1050
53   9      1      1094      1139      1140      1095
54   9      1      1139      1184      1185      1140
55   9      1      1184      1229      1230      1185
56   9      1      1229      1274      1275      1230
57   9      1      1274      1319      1320      1275
58   9      1      1319      1364      1365      1320
59   9      1      1364      1409      1410      1365
60   9      1      1409      1454      1455      1410
61   9      1      1454      1499      1500      1455
62   9      1      1499      1544      1545      1500
63   9      1      1544      1589      1590      1545
64   9      1      1589      1634      1635      1590
65   9      1      195      240      241      196
66   9      1      240      285      286      241
67   9      1      285      330      331      286
68   9      1      330      375      376      331
69   9      1      375      420      421      376
70   9      1      420      465      466      421
71   9      1      465      510      511      466
72   9      1      510      555      556      511
73   9      1      555      600      601      556
74   9      1      600      645      646      601
75   9      1      645      690      691      646
76   9      1      690      735      736      691
77   9      1      735      780      781      736
78   9      1      780      825      826      781
79   9      1      825      870      871      826
80   9      1      870      915      916      871
81   9      1      915      960      961      916
82   9      1      960      1005      1006      961
83   9      1      1005      1050      1051      1006
84   9      1      1050      1095      1096      1051
85   9      1      1095      1140      1141      1096
86   9      1      1140      1185      1186      1141
87   9      1      1185      1230      1231      1186
88   9      1      1230      1275      1276      1231
89   9      1      1275      1320      1321      1276
90   9      1      1320      1365      1366      1321
91   9      1      1365      1410      1411      1366
92   9      1      1410      1455      1456      1411
93   9      1      1455      1500      1501      1456
94   9      1      1500      1545      1546      1501
95   9      1      1545      1590      1591      1546
96   9      1      1590      1635      1636      1591
97   9      1      196      241      242      197
98   9      1      241      286      287      242
99   9      1      286      331      332      287
100   9      1      331      376      377      332
101   9      1      376      421      422      377
102   9      1      421      466      467      422
103   9      1      466      511      512      467
104   9      1      511      556      557      512
105   9      1      556      601      602      557
106   9      1      601      646      647      602
107   9      1      646      691      692      647
108   9      1      691      736      737      692
109   9      1      736      781      782      737
110   9      1      781      826      827      782
111   9      1      826      871      872      827
112   9      1      871      916      917      872
113   9      1      916      961      962      917
114   9      1      961      1006      1007      962
115   9      1      1006      1051      1052      1007
116   9      1      1051      1096      1097      1052
117   9      1      1096      1141      1142      1097
118   9      1      1141      1186      1187      1142
119   9      1      1186      1231      1232      1187
120   9      1      1231      1276      1277      1232
121   9      1      1276      1321      1322      1277
122   9      1      1321      1366      1367      1322
123   9      1      1366      1411      1412      1367
124   9      1      1411      1456      1457      1412
125   9      1      1456      1501      1502      1457
126   9      1      1501      1546      1547      1502
127   9      1      1546      1591      1592      1547
128   9      1      1591      1636      1637      1592
129   9      1      197      242      243      198
130   9      1      242      287      288      243
131   9      1      287      332      333      288
132   9      1      332      377      378      333
133   9      1      377      422      423      378
134   9      1      422      467      468      423
135   9      1      467      512      513      468
136   9      1      512      557      558      513
137   9      1      557      602      603      558
138   9      1      602      647      648      603
139   9      1      647      692      693      648
140   9      1      692      737      738      693
141   9      1      737      782      783      738
142   9      1      782      827      828      783
143   9      1      827      872      873      828
144   9      1      872      917      918      873
145   9      1      917      962      963      918
146   9      1      962      1007      1008      963
147   9      1      1007      1052      1053      1008
148   9      1      1052      1097      1098      1053
149   9      1      1097      1142      1143      1098
150   9      1      1142      1187      1188      1143
151   9      1      1187      1232      1233      1188
152   9      1      1232      1277      1278      1233
153   9      1      1277      1322      1323      1278
154   9      1      1322      1367      1368      1323
155   9      1      1367      1412      1413      1368
156   9      1      1412      1457      1458      1413
157   9      1      1457      1502      1503      1458
158   9      1      1502      1547      1548      1503
159   9      1      1547      1592      1593      1548
160   9      1      1592      1637      1638      1593
161   9      1      198      243      244      199
162   9      1      243      288      289      244
163   9      1      288      333      334      289
164   9      1      333      378      379      334
165   9      1      378      423      424      379
166   9      1      423      468      469      424
167   9      1      468      513      514      469
168   9      1      513      558      559      514
169   9      1      558      603      604      559
170   9      1      603      648      649      604
171   9      1      648      693      694      649
172   9      1      693      738      739      694
173   9      1      738      783      784      739
174   9      1      783      828      829      784
175   9      1      828      873      874      829
176   9      1      873      918      919      874
177   9      1      918      963      964      919
178   9      1      963      1008      1009      964
179   9      1      1008      1053      1054      1009
180   9      1      1053      1098      1099      1054
181   9      1      1098      1143      1144      1099
182   9      1      1143      1188      1189      1144
183   9      1      1188      1233      1234      1189
184   9      1      1233      1278      1279      1234
185   9      1      1278      1323      1324      1279
186   9      1      1323      1368      1369      1324
187   9      1      1368      1413      1414      1369
188   9      1      1413      1458      1459      1414
189   9      1      1458      1503      1504      1459
190   9      1      1503      1548      1549      1504
191   9      1      1548      1593      1594      1549
192   9      1      1593      1638      1639      1594
193   9      1      199      244      245      200
194   9      1      244      289      290      245
195   9      1      289      334      335      290
196   9      1      334      379      380      335
197   9      1      379      424      425      380
198   9      1      424      469      470      425
199   9      1      469      514      515      470
200   9      1      514      559      560      515
201   9      1      559      604      605      560
202   9      1      604      649      650      605
203   9      1      649      694      695      650
204   9      1      694      739      740      695
205   9      1      739      784      785      740
206   9      1      784      829      830      785
207   9      1      829      874      875      830
208   9      1      874      919      920      875
209   9      1      919      964      965      920
210   9      1      964      1009      1010      965
211   9      1      1009      1054      1055      1010
212   9      1      1054      1099      1100      1055
213   9      1      1099      1144      1145      1100
214   9      1      1144      1189      1190      1145
215   9      1      1189      1234      1235      1190
216   9      1      1234      1279      1280      1235
217   9      1      1279      1324      1325      1280
218   9      1      1324      1369      1370      1325
219   9      1      1369      1414      1415      1370
220   9      1      1414      1459      1460      1415
221   9      1      1459      1504      1505      1460
222   9      1      1504      1549      1550      1505
223   9      1      1549      1594      1595      1550
224   9      1      1594      1639      1640      1595
225   9      1      200      245      246      201
226   9      1      245      290      291      246
227   9      1      290      335      336      291
228   9      1      335      380      381      336
229   9      1      380      425      426      381
230   9      1      425      470      471      426
231   9      1      470      515      516      471
232   9      1      515      560      561      516
233   9      1      560      605      606      561
234   9      1      605      650      651      606
235   9      1      650      695      696      651
236   9      1      695      740      741      696
237   9      1      740      785      786      741
238   9      1      785      830      831      786
239   9      1      830      875      876      831
240   9      1      875      920      921      876
241   9      1      920      965      966      921
242   9      1      965      1010      1011      966
243   9      1      1010      1055      1056      1011
244   9      1      1055      1100      1101      1056
245   9      1      1100      1145      1146      1101
246   9      1      1145      1190      1191      1146
247   9      1      1190      1235      1236      1191
248   9      1      1235      1280      1281      1236
249   9      1      1280      1325      1326      1281
250   9      1      1325      1370      1371      1326
251   9      1      1370      1415      1416      1371
252   9      1      1415      1460      1461      1416
253   9      1      1460      1505      1506      1461
254   9      1      1505      1550      1551      1506
255   9      1      1550      1595      1596      1551
256   9      1      1595      1640      1641      1596
257   9      1      201      246      247      202
258   9      1      246      291      292      247
259   9      1      291      336      337      292
260   9      1      336      381      382      337
261   9      1      381      426      427      382
262   9      1      426      471      472      427
263   9      1      471      516      517      472
264   9      1      516      561      562      517
265   9      1      561      606      607      562
266   9      1      606      651      652      607
267   9      1      651      696      697      652
268   9      1      696      741      742      697
269   9      1      741      786      787      742
270   9      1      786      831      832      787
271   9      1      831      876      877      832
272   9      1      876      921      922      877
273   9      1      921      966      967      922
274   9      1      966      1011      1012      967
275   9      1      1011      1056      1057      1012
276   9      1      1056      1101      1102      1057
277   9      1      1101      1146      1147      1102
278   9      1      1146      1191      1192      1147
279   9      1      1191      1236      1237      1192
280   9      1      1236      1281      1282      1237
281   9      1      1281      1326      1327      1282
282   9      1      1326      1371      1372      1327
283   9      1      1371      1416      1417      1372
284   9      1      1416      1461      1462      1417
285   9      1      1461      1506      1507      1462
286   9      1      1506      1551      1552      1507
287   9      1      1551      1596      1597      1552
288   9      1      1596      1641      1642      1597
289   9      1      202      247      248      203
290   9      1      247      292      293      248
291   9      1      292      337      338      293
292   9      1      337      382      383      338
293   9      1      382      427      428      383
294   9      1      427      472      473      428
295   9      1      472      517      518      473
296   9      1      517      562      563      518
297   9      1      562      607      608      563
298   9      1      607      652      653      608
299   9      1      652      697      698      653
300   9      1      697      742      743      698
301   9      1      742      787      788      743
302   9      1      787      832      833      788
303   9      1      832      877      878      833
304   9      1      877      922      923      878
305   9      1      922      967      968      923
306   9      1      967      1012      1013      968
307   9      1      1012      1057      1058      1013
308   9      1      1057      1102      1103      1058
309   9      1      1102      1147      1148      1103
310   9      1      1147      1192      1193      1148
311   9      1      1192      1237      1238      1193
312   9      1      1237      1282      1283      1238
313   9      1      1282      1327      1328      1283
314   9      1      1327      1372      1373      1328
315   9      1      1372      1417      1418      1373
316   9      1      1417      1462      1463      1418
317   9      1      1462      1507      1508      1463
318   9      1      1507      1552      1553      1508
319   9      1      1552      1597      1598      1553
320   9      1      1597      1642      1643      1598
321   9      1      203      248      249      204
322   9      1      248      293      294      249
323   9      1      293      338      339      294
324   9      1      338      383      384      339
325   9      1      383      428      429      384
326   9      1      428      473      474      429
327   9      1      473      518      519      474
328   9      1      518      563      564      519
329   9      1      563      608      609      564
330   9      1      608      653      654      609
331   9      1      653      698      699      654
332   9      1      698      743      744      699
333   9      1      743      788      789      744
334   9      1      788      833      834      789
335   9      1      833      878      879      834
336   9      1      878      923      924      879
337   9      1      923      968      969      924
338   9      1      968      1013      1014      969
339   9      1      1013      1058      1059      1014
340   9      1      1058      1103      1104      1059
341   9      1      1103      1148      1149      1104
342   9      1      1148      1193      1194      1149
343   9      1      1193      1238      1239      1194
344   9      1      1238      1283      1284      1239
345   9      1      1283      1328      1329      1284
346   9      1      1328      1373      1374      1329
347   9      1      1373      1418      1419      1374
348   9      1      1418      1463      1464      1419
349   9      1      1463      1508      1509      1464
350   9      1      1508      1553      1554      1509
351   9      1      1553      1598      1599      1554
352   9      1      1598      1643      1644      1599
353   9      1      204      249      250      205
354   9      1      249      294      295      250
355   9      1      294      339      340      295
356   9      1      339      384      385      340
357   9      1      384      429      430      385
358   9      1      429      474      475      430
359   9      1      474      519      520      475
360   9      1      519      564      565      520
361   9      1      564      609      610      565
362   9      1      609      654      655      610
363   9      1      654      699      700      655
364   9      1      699      744      745      700
365   9      1      744      789      790      745
366   9      1      789      834      835      790
367   9      1      834      879      880      835
368   9      1      879      924      925      880
369   9      1      924      969      970      925
370   9      1      969      1014      1015      970
371   9      1      1014      1059      1060      1015
372   9      1      1059      1104      1105      1060
373   9      1      1104      1149      1150      1105
374   9      1      1149      1194      1195      1150
375   9      1      1194      1239      1240      1195
376   9      1      1239      1284      1285      1240
377   9      1      1284      1329      1330      1285
378   9      1      1329      1374      1375      1330
379   9      1      1374      1419      1420      1375
380   9      1      1419      1464      1465      1420
381   9      1      1464      1509      1510      1465
382   9      1      1509      1554      1555      1510
383   9      1      1554      1599      1600      1555
384   9      1      1599      1644      1645      1600
385   9      1      205      250      251      206
386   9      1      250      295      296      251
387   9      1      295      340      341      296
388   9      1      340      385      386      341
389   9      1      385      430      431      386
390   9      1      430      475      476      431
391   9      1      475      520      521      476
392   9      1      520      565      566      521
393   9      1      565      610      611      566
394   9      1      610      655      656      611
395   9      1      655      700      701      656
396   9      1      700      745      746      701
397   9      1      745      790      791      746
398   9      1      790      835      836      791
399   9      1      835      880      881      836
400   9      1      880      925      926      881
401   9      1      925      970      971      926
402   9      1      970      1015      1016      971
403   9      1      1015      1060      1061      1016
404   9      1      1060      1105      1106      1061
405   9      1      1105      1150      1151      1106
406   9      1      1150      1195      1196      1151
407   9      1      1195      1240      1241      1196
408   9      1      1240      1285      1286      1241
409   9      1      1285      1330      1331      1286
410   9      1      1330      1375      1376      1331
411   9      1      1375      1420      1421      1376
412   9      1      1420      1465      1466      1421
413   9      1      1465      1510      1511      1466
414   9      1      1510      1555      1556      1511
415   9      1      1555      1600      1601      1556
416   9      1      1600      1645      1646      1601
417   9      1      206      251      252      207
418   9      1      251      296      297      252
419   9      1      296      341      342      297
420   9      1      341      386      387      342
421   9      1      386      431      432      387
422   9      1      431      476      477      432
423   9      1      476      521      522      477
424   9      1      521      566      567      522
425   9      1      566      611      612      567
426   9      1      611      656      657      612
427   9      1      656      701      702      657
428   9      1      701      746      747      702
429   9      1      746      791      792      747
430   9      1      791      836      837      792
431   9      1      836      881      882      837
432   9      1      881      926      927      882
433   9      1      926      971      972      927
434   9      1      971      1016      1017      972
435   9      1      1016      1061      1062      1017
436   9      1      1061      1106      1107      1062
437   9      1      1106      1151      1152      1107
438   9      1      1151      1196      1197      1152
439   9      1      1196      1241      1242      1197
440   9      1      1241      1286      1287      1242
441   9      1      1286      1331      1332      1287
442   9      1      1331      1376      1377      1332
443   9      1      1376      1421      1422      1377
444   9      1      1421      1466      1467      1422
445   9      1      1466      1511      1512      1467
446   9      1      1511      1556      1557      1512
447   9      1      1556      1601      1602      1557
448   9      1      1601      1646      1647      1602
449   9      1      207      252      253      208
450   9      1      252      297      298      253
451   9      1      297      342      343      298
452   9      1      342      387      388      343
453   9      1      387      432      433      388
454   9      1      432      477      478      433
455   9      1      477      522      523      478
456   9      1      522      567      568      523
457   9      1      567      612      613      568
458   9      1      612      657      658      613
459   9      1      657      702      703      658
460   9      1      702      747      748      703
461   9      1      747      792      793      748
462   9      1      792      837      838      793
463   9      1      837      882      883      838
464   9      1      882      927      928      883
465   9      1      927      972      973      928
466   9      1      972      1017      1018      973
467   9      1      1017      1062      1063      1018
468   9      1      1062      1107      1108      1063
469   9      1      1107      1152      1153      1108
470   9      1      1152      1197      1198      1153
471   9      1      1197      1242      1243      1198
472   9      1      1242      1287      1288      1243
473   9      1      1287      1332      1333      1288
474   9      1      1332      1377      1378      1333
475   9      1      1377      1422      1423      1378
476   9      1      1422      1467      1468      1423
477   9      1      1467      1512      1513      1468
478   9      1      1512      1557      1558      1513
479   9      1      1557      1602      1603      1558
480   9      1      1602      1647      1648      1603
481   9      1      208      253      254      209
482   9      1      253      298      299      254
483   9      1      298      343      344      299
484   9      1      343      388      389      344
485   9      1      388      433      434      389
486   9      1      433      478      479      434
487   9      1      478      523      524      479
488   9      1      523      568      569      524
489   9      1      568      613      614      569
490   9      1      613      658      659      614
491   9      1      658      703      704      659
492   9      1      703      748      749      704
493   9      1      748      793      794      749
494   9      1      793      838      839      794
495   9      1      838      883      884      839
496   9      1      883      928      929      884
497   9      1      928      973      974      929
498   9      1      973      1018      1019      974
499   9      1      1018      1063      1064      1019
500   9      1      1063      1108      1109      1064
501   9      1      1108      1153      1154      1109
502   9      1      1153      1198      1199      1154
503   9      1      1198      1243      1244      1199
504   9      1      1243      1288      1289      1244
505   9      1      1288      1333      1334      1289
506   9      1      1333      1378      1379      1334
507   9      1      1378      1423      1424      1379
508   9      1      1423      1468      1469      1424
509   9      1      1468      1513      1514      1469
510   9      1      1513      1558      1559      1514
511   9      1      1558      1603      1604      1559
512   9      1      1603      1648      1649      1604
513   9      1      209      254      255      210
514   9      1      254      299      300      255
515   9      1      299      344      345      300
516   9      1      344      389      390      345
517   9      1      389      434      435      390
518   9      1      434      479      480      435
519   9      1      479      524      525      480
520   9      1      524      569      570      525
521   9      1      569      614      615      570
522   9      1      614      659      660      615
523   9      1      659      704      705      660
524   9      1      704      749      750      705
525   9      1      749      794      795      750
526   9      1      794      839      840      795
527   9      1      839      884      885      840
528   9      1      884      929      930      885
529   9      1      929      974      975      930
530   9      1      974      1019      1020      975
531   9      1      1019      1064      1065      1020
532   9      1      1064      1109      1110      1065
533   9      1      1109      1154      1155      1110
534   9      1      1154      1199      1200      1155
535   9      1      1199      1244      1245      1200
536   9      1      1244      1289      1290      1245
537   9      1      1289      1334      1335      1290
538   9      1      1334      1379      1380      1335
539   9      1      1379      1424      1425      1380
540   9      1      1424      1469      1470      1425
541   9      1      1469      1514      1515      1470
542   9      1      1514      1559      1560      1515
543   9      1      1559      1604      1605      1560
544   9      1      1604      1649      1650      1605
545   9      1      210      255      256      211
546   9      1      255      300      301      256
547   9      1      300      345      346      301
548   9      1      345      390      391      346
549   9      1      390      435      436      391
550   9      1      435      480      481      436
551   9      1      480      525      526      481
552   9      1      525      570      571      526
553   9      1      570      615      616      571
554   9      1      615      660      661      616
555   9      1      660      705      706      661
556   9      1      705      750      751      706
557   9      1      750      795      796      751
558   9      1      795      840      841      796
559   9      1      840      885      886      841
560   9      1      885      930      931      886
561   9      1      930      975      976      931
562   9      1      975      1020      1021      976
563   9      1      1020      1065      1066      1021
564   9      1      1065      1110      1111      1066
565   9      1      1110      1155      1156      1111
566   9      1      1155      1200      1201      1156
567   9      1      1200      1245      1246      1201
568   9      1      1245      1290      1291      1246
569   9      1      1290      1335      1336      1291
570   9      1      1335      1380      1381      1336
571   9      1      1380      1425      1426      1381
572   9      1      1425      1470      1471      1426
573   9      1      1470      1515      1516      1471
574   9      1      1515      1560      1561      1516
575   9      1      1560      1605      1606      1561
576   9      1      1605      1650      1651      1606
577   9      1      211      256      257      212
578   9      1      256      301      302      257
579   9      1      301      346      347      302
580   9      1      346      391      392      347
581   9      1      391      436      437      392
582   9      1      436      481      482      437
583   9      1      481      526      527      482
584   9      1      526      571      572      527
585   9      1      571      616      617      572
586   9      1      616      661      662      617
587   9      1      661      706      707      662
588   9      1      706      751      752      707
589   9      1      751      796      797      752
590   9      1      796      841      842      797
591   9      1      841      886      887      842
592   9      1      886      931      932      887
593   9      1      931      976      977      932
594   9      1      976      1021      1022      977
595   9      1      1021      1066      1067      1022
596   9      1      1066      1111      1112      1067
597   9      1      1111      1156      1157      1112
598   9      1      1156      1201      1202      1157
599   9      1      1201      1246      1247      1202
600   9      1      1246      1291      1292      1247
601   9      1      1291      1336      1337      1292
602   9      1      1336      1381      1382      1337
603   9      1      1381      1426      1427      1382
604   9      1      1426      1471      1472      1427
605   9      1      1471      1516      1517      1472
606   9      1      1516      1561      1562      1517
607   9      1      1561      1606      1607      1562
608   9      1      1606      1651      1652      1607
609   9      1      212      257      258      213
610   9      1      257      302      303      258
611   9      1      302      347      348      303
612   9      1      347      392      393      348
613   9      1      392      437      438      393
614   9      1      437      482      483      438
615   9      1      482      527      528      483
616   9      1      527      572      573      528
617   9      1      572      617      618      573
618   9      1      617      662      663      618
619   9      1      662      707      708      663
620   9      1      707      752      753      708
621   9      1      752      797      798      753
622   9      1      797      842      843      798
623   9      1      842      887      888      843
624   9      1      887      932      933      888
625   9      1      932      977      978      933
626   9      1      977      1022      1023      978
627   9      1      1022      1067      1068      1023
628   9      1      1067      1112      1113      1068
629   9      1      1112      1157      1158      1113
630   9      1      1157      1202      1203      1158
631   9      1      1202      1247      1248      1203
632   9      1      1247      1292      1293      1248
633   9      1      1292      1337      1338      1293
634   9      1      1337      1382      1383      1338
635   9      1      1382      1427      1428      1383
636   9      1      1427      1472      1473      1428
637   9      1      1472      1517      1518      1473
638   9      1      1517      1562      1563      1518
639   9      1      1562      1607      1608      1563
640   9      1      1607      1652      1653      1608
641   9      1      213      258      259      214
642   9      1      258      303      304      259
643   9      1      303      348      349      304
644   9      1      348      393      394      349
645   9      1      393      438      439      394
646   9      1      438      483      484      439
647   9      1      483      528      529      484
648   9      1      528      573      574      529
649   9      1      573      618      619      574
650   9      1      618      663      664      619
651   9      1      663      708      709      664
652   9      1      708      753      754      709
653   9      1      753      798      799      754
654   9      1      798      843      844      799
655   9      1      843      888      889      844
656   9      1      888      933      934      889
657   9      1      933      978      979      934
658   9      1      978      1023      1024      979
659   9      1      1023      1068      1069      1024
660   9      1      1068      1113      1114      1069
661   9      1      1113      1158      1159      1114
662   9      1      1158      1203      1204      1159
663   9      1      1203      1248      1249      1204
664   9      1      1248      1293      1294      1249
665   9      1      1293      1338      1339      1294
666   9      1      1338      1383      1384      1339
667   9      1      1383      1428      1429      1384
668   9      1      1428      1473      1474      1429
669   9      1      1473      1518      1519      1474
670   9      1      1518      1563      1564      1519
671   9      1      1563      1608      1609      1564
672   9      1      1608      1653      1654      1609
673   9      1      214      259      260      215
674   9      1      259      304      305      260
675   9      1      304      349      350      305
676   9      1      349      394      395      350
677   9      1      394      439      440      395
678   9      1      439      484      485      440
679   9      1      484      529      530      485
680   9      1      529      574      575      530
681   9      1      574      619      620      575
682   9      1      619      664      665      620
683   9      1      664      709      710      665
684   9      1      709      754      755      710
685   9      1      754      799      800      755
686   9      1      799      844      845      800
687   9      1      844      889      890      845
688   9      1      889      934      935      890
689   9      1      934      979      980      935
690   9      1      979      1024      1025      980
691   9      1      1024      1069      1070      1025
692   9      1      1069      1114      1115      1070
693   9      1      1114      1159      1160      1115
694   9      1      1159      1204      1205      1160
695   9      1      1204      1249      1250      1205
696   9      1      1249      1294      1295      1250
697   9      1      1294      1339      1340      1295
698   9      1      1339      1384      1385      1340
699   9      1      1384      1429      1430      1385
700   9      1      1429      1474      1475      1430
701   9      1      1474      1519      1520      1475
702   9      1      1519      1564      1565      1520
703   9      1      1564      1609      1610      1565
704   9      1      1609      1654      1655      1610
705   9      1      215      260      261      216
706   9      1      260      305      306      261
707   9      1      305      350      351      306
708   9      1      350      395      396      351
709   9      1      395      440      441      396
710   9      1      440      485      486      441
711   9      1      485      530      531      486
712   9      1      530      575      576      531
713   9      1      575      620      621      576
714   9      1      620      665      666      621
715   9      1      665      710      711      666
716   9      1      710      755      756      711
717   9      1      755      800      801      756
718   9      1      800      845      846      801
719   9      1      845      890      891      846
720   9      1      890      935      936      891
721   9      1      935      980      981      936
722   9      1      980      1025      1026      981
723   9      1      1025      1070      1071      1026
724   9      1      1070      1115      1116      1071
725   9      1      1115      1160      1161      1116
726   9      1      1160      1205      1206      1161
727   9      1      1205      1250      1251      1206
728   9      1      1250      1295      1296      1251
729   9      1      1295      1340      1341      1296
730   9      1      1340      1385      1386      1341
731   9      1      1385      1430      1431      1386
732   9      1      1430      1475      1476      1431
733   9      1      1475      1520      1521      1476
734   9      1      1520      1565      1566      1521
735   9      1      1565      1610      1611      1566
736   9      1      1610      1655      1656      1611
737   9      1      216      261      262      217
738   9      1      261      306      307      262
739   9      1      306      351      352      307
740   9      1      351      396      397      352
741   9      1      396      441      442      397
742   9      1      441      486      487      442
743   9      1      486      531      532      487
744   9      1      531      576      577      532
745   9      1      576      621      622      577
746   9      1      621      666      667      622
747   9      1      666      711      712      667
748   9      1      711      756      757      712
749   9      1      756      801      802      757
750   9      1      801      846      847      802
751   9      1      846      891      892      847
752   9      1      891      936      937      892
753   9      1      936      981      982      937
754   9      1      981      1026      1027      982
755   9      1      1026      1071      1072      1027
756   9      1      1071      1116      1117      1072
757   9      1      1116      1161      1162      1117
758   9      1      1161      1206      1207      1162
759   9      1      1206      1251      1252      1207
760   9      1      1251      1296      1297      1252
761   9      1      1296      1341      1342      1297
762   9      1      1341      1386      1387      1342
763   9      1      1386      1431      1432      1387
764   9      1      1431      1476      1477      1432
765   9      1      1476      1521      1522      1477
766   9      1      1521      1566      1567      1522
767   9      1      1566      1611      1612      1567
768   9      1      1611      1656      1657      1612
769   9      1      217      262      263      218
770   9      1      262      307      308      263
771   9      1      307      352      353      308
772   9      1      352      397      398      353
773   9      1      397      442      443      398
774   9      1      442      487      488      443
775   9      1      487      532      533      488
776   9      1      532      577      578      533
777   9      1      577      622      623      578
778   9      1      622      667      668      623
779   9      1      667      712      713      668
780   9      1      712      757      758      713
781   9      1      757      802      803      758
782   9      1      802      847      848      803
783   9      1      847      892      893      848
784   9      1      892      937      938      893
785   9      1      937      982      983      938
786   9      1      982      1027      1028      983
787   9      1      1027      1072      1073      1028
788   9      1      1072      1117      1118      1073
789   9      1      1117      1162      1163      1118
790   9      1      1162      1207      1208      1163
791   9      1      1207      1252      1253      1208
792   9      1      1252      1297      1298      1253
793   9      1      1297      1342      1343      1298
794   9      1      1342      1387      1388      1343
795   9      1      1387      1432      1433      1388
796   9      1      1432      1477      1478      1433
797   9      1      1477      1522      1523      1478
798   9      1      1522      1567      1568      1523
799   9      1      1567      1612      1613      1568
800   9      1      1612      1657      1658      1613
801   9      1      218      263      264      219
802   9      1      263      308      309      264
803   9      1      308      353      354      309
804   9      1      353      398      399      354
805   9      1      398      443      444      399
806   9      1      443      488      489      444
807   9      1      488      533      534      489
808   9      1      533      578      579      534
809   9      1      578      623      624      579
810   9      1      623      668      669      624
811   9      1      668      713      714      669
812   9      1      713      758      759      714
813   9      1      758      803      804      759
814   9      1      803      848      849      804
815   9      1      848      893      894      849
816   9      1      893      938      939      894
817   9      1      938      983      984      939
818   9      1      983      1028      1029      984
819   9      1      1028      1073      1074      1029
820   9      1      1073      1118      1119      1074
821   9      1      1118      1163      1164      1119
822   9      1      1163      1208      1209      1164
823   9      1      1208      1253      1254      1209
824   9      1      1253      1298      1299      1254
825   9      1      1298      1343      1344      1299
826   9      1      1343      1388      1389      1344
827   9      1      1388      1433      1434      1389
828   9      1      1433      1478      1479      1434
829   9      1      1478      1523      1524      1479
830   9      1      1523      1568      1569      1524
831   9      1      1568      1613      1614      1569
832   9      1      1613      1658      1659      1614
833   9      1      219      264      265      220
834   9      1      264      309      310      265
835   9      1      309      354      355      310
836   9      1      354      399      400      355
837   9      1      399      444      445      400
838   9      1      444      489      490      445
839   9      1      489      534      535      490
840   9      1      534      579      580      535
841   9      1      579      624      625      580
842   9      1      624      669      670      625
843   9      1      669      714      715      670
844   9      1      714      759      760      715
845   9      1      759      804      805      760
846   9      1      804      849      850      805
847   9      1      849      894      895      850
848   9      1      894      939      940      895
849   9      1      939      984      985      940
850   9      1      984      1029      1030      985
851   9      1      1029      1074      1075      1030
852   9      1      1074      1119      1120      1075
853   9      1      1119      1164      1165      1120
854   9      1      1164      1209      1210      1165
855   9      1      1209      1254      1255      1210
856   9      1      1254      1299      1300      1255
857   9      1      1299      1344      1345      1300
858   9      1      1344      1389      1390      1345
859   9      1      1389      1434      1435      1390
860   9      1      1434      1479      1480      1435
861   9      1      1479      1524      1525      1480
862   9      1      1524      1569      1570      1525
863   9      1      1569      1614      1615      1570
864   9      1      1614      1659      1660      1615
865   9      1      220      265      266      221
866   9      1      265      310      311      266
867   9      1      310      355      356      311
868   9      1      355      400      401      356
869   9      1      400      445      446      401
870   9      1      445      490      491      446
871   9      1      490      535      536      491
872   9      1      535      580      581      536
873   9      1      580      625      626      581
874   9      1      625      670      671      626
875   9      1      670      715      716      671
876   9      1      715      760      761      716
877   9      1      760      805      806      761
878   9      1      805      850      851      806
879   9      1      850      895      896      851
880   9      1      895      940      941      896
881   9      1      940      985      986      941
882   9      1      985      1030      1031      986
883   9      1      1030      1075      1076      1031
884   9      1      1075      1120      1121      1076
885   9      1      1120      1165      1166      1121
886   9      1      1165      1210      1211      1166
887   9      1      1210      1255      1256      1211
888   9      1      1255      1300      1301      1256
889   9      1      1300      1345      1346      1301
890   9      1      1345      1390      1391      1346
891   9      1      1390      1435      1436      1391
892   9      1      1435      1480      1481      1436
893   9      1      1480      1525      1526      1481
894   9      1      1525      1570      1571      1526
895   9      1      1570      1615      1616      1571
896   9      1      1615      1660      1661      1616
897   9      1      221      266      267      222
898   9      1      266      311      312      267
899   9      1      311      356      357      312
900   9      1      356      401      402      357
901   9      1      401      446      447      402
902   9      1      446      491      492      447
903   9      1      491      536      537      492
904   9      1      536      581      582      537
905   9      1      581      626      627      582
906   9      1      626      671      672      627
907   9      1      671      716      717      672
908   9      1      716      761      762      717
909   9      1      761      806      807      762
910   9      1      806      851      852      807
911   9      1      851      896      897      852
912   9      1      896      941      942      897
913   9      1      941      986      987      942
914   9      1      986      1031      1032      987
915   9      1      1031      1076      1077      1032
916   9      1      1076      1121      1122      1077
917   9      1      1121      1166      1167      1122
918   9      1      1166      1211      1212      1167
919   9      1      1211      1256      1257      1212
920   9      1      1256      1301      1302      1257
921   9      1      1301      1346      1347      1302
922   9      1      1346      1391      1392      1347
923   9      1      1391      1436      1437      1392
924   9      1      1436      1481      1482      1437
925   9      1      1481      1526      1527      1482
926   9      1      1526      1571      1572      1527
927   9      1      1571      1616      1617      1572
928   9      1      1616      1661      1662      1617
929   9      1      222      267      268      223
930   9      1      267      312      313      268
931   9      1      312      357      358      313
932   9      1      357      402      403      358
933   9      1      402      447      448      403
934   9      1      447      492      493      448
935   9      1      492      537      538      493
936   9      1      537      582      583      538
937   9      1      582      627      628      583
938   9      1      627      672      673      628
939   9      1      672      717      718      673
940   9      1      717      762      763      718
941   9      1      762      807      808      763
942   9      1      807      852      853      808
943   9      1      852      897      898      853
944   9      1      897      942      943      898
945   9      1      942      987      988      943
946   9      1      987      1032      1033      988
947   9      1      1032      1077      1078      1033
948   9      1      1077      1122      1123      1078
949   9      1      1122      1167      1168      1123
950   9      1      1167      1212      1213      1168
951   9      1      1212      1257      1258      1213
952   9      1      1257      1302      1303      1258
953   9      1      1302      1347      1348      1303
954   9      1      1347      1392      1393      1348
955   9      1      1392      1437      1438      1393
956   9      1      1437      1482      1483      1438
957   9      1      1482      1527      1528      1483
958   9      1      1527      1572      1573      1528
959   9      1      1572      1617      1618      1573
960   9      1      1617      1662      1663      1618
961   9      1      223      268      269      224
962   9      1      268      313      314      269
963   9      1      313      358      359      314
964   9      1      358      403      404      359
965   9      1      403      448      449      404
966   9      1      448      493      494      449
967   9      1      493      538      539      494
968   9      1      538      583      584      539
969   9      1      583      628      629      584
970   9      1      628      673      674      629
971   9      1      673      718      719      674
972   9      1      718      763      764      719
973   9      1      763      808      809      764
974   9      1      808      853      854      809
975   9      1      853      898      899      854
976   9      1      898      943      944      899
977   9      1      943      988      989      944
978   9      1      988      1033      1034      989
979   9      1      1033      1078      1079      1034
980   9      1      1078      1123      1124      1079
981   9      1      1123      1168      1169      1124
982   9      1      1168      1213      1214      1169
983   9      1      1213      1258      1259      1214
984   9      1      1258      1303      1304      1259
985   9      1      1303      1348      1349      1304
986   9      1      1348      1393      1394      1349
987   9      1      1393      1438      1439      1394
988   9      1      1438      1483      1484      1439
989   9      1      1483      1528      1529      1484
990   9      1      1528      1573      1574      1529
991   9      1      1573      1618      1619      1574
992   9      1      1618      1663      1664      1619
993   9      1      224      269      270      225
994   9      1      269      314      315      270
995   9      1      314      359      360      315
996   9      1      359      404      405      360
997   9      1      404      449      450      405
998   9      1      449      494      495      450
999   9      1      494      539      540      495
1000   9      1      539      584      585      540
1001   9      1      584      629      630      585
1002   9      1      629      674      675      630
1003   9      1      674      719      720      675
1004   9      1      719      764      765      720
1005   9      1      764      809      810      765
1006   9      1      809      854      855      810
1007   9      1      854      899      900      855
1008   9      1      899      944      945      900
1009   9      1      944      989      990      945
1010   9      1      989      1034      1035      990
1011   9      1      1034      1079      1080      1035
1012   9      1      1079      1124      1125      1080
1013   9      1      1124      1169      1170      1125
1014   9      1      1169      1214      1215      1170
1015   9      1      1214      1259      1260      1215
1016   9      1      1259      1304      1305      1260
1017   9      1      1304      1349      1350      1305
1018   9      1      1349      1394      1395      1350
1019   9      1      1394      1439      1440      1395
1020   9      1      1439      1484      1485      1440
1021   9      1      1484      1529      1530      1485
1022   9      1      1529      1574      1575      1530
1023   9      1      1574      1619      1620      1575
1024   9      1      1619      1664      1665      1620
1025   1      1      192      237      238      193
1026   1      1      237      282      283      238
1027   1      1      282      327      328      283
1028   1      1      327      372      373      328
1029   1      1      372      417      418      373
1030   1      1      417      462      463      418
1031   1      1      462      507      508      463
1032   1      1      507      552      553      508
1033   1      1      552      597      598      553
1034   1      1      597      642      643      598
1035   1      1      642      687      688      643
1036   1      1      687      732      733      688
1037   1      1      732      777      778      733
1038   1      1      777      822      823      778
1039   1      1      822      867      868      823
1040   1      1      867      912      913      868
1041   1      1      912      957      958      913
1042   1      1      957      1002      1003      958
1043   1      1      1002      1047      1048      1003
1044   1      1      1047      1092      1093      1048
1045   1      1      1092      1137      1138      1093
1046   1      1      1137      1182      1183      1138
1047   1      1      1182      1227      1228      1183
1048   1      1      1227      1272      1273      1228
1049   1      1      1272      1317      1318      1273
1050   1      1      1317      1362      1363      1318
1051   1      1      1362      1407      1408      1363
1052   1      1      1407      1452      1453      1408
1053   1      1      1452      1497      1498      1453
1054   1      1      1497      1542      1543      1498
1055   1      1      1542      1587      1588      1543
1056   1      1      1587      1632      1633      1588
1057   1      1      1633      1632      1677      1634
1058   1      1      1634      1677      1678      1635
1059   1      1      1635      1678      1679      1636
1060   1      1      1636      1679      1680      1637
1061   1      1      1637      1680      1681      1638
1062   1      1      1638      1681      1682      1639
1063   1      1      1639      1682      1683      1640
1064   1      1      1640      1683      1684      1641
1065   1      1      1641      1684      1685      1642
1066   1      1      1642      1685      1686      1643
1067   1      1      1643      1686      1687      1644
1068   1      1      1644      1687      1688      1645
1069   1      1      1645      1688      1689      1646
1070   1      1      1646      1689      1690      1647
1071   1      1      1647      1690      1691      1648
1072   1      1      1648      1691      1692      1649
1073   1      1      1649      1692      1693      1650
1074   1      1      1650      1693      1694      1651
1075   1      1      1651      1694      1695      1652
1076   1      1      1652      1695      1696      1653
1077   1      1      1653      1696      1697      1654
1078   1      1      1654      1697      1698      1655
1079   1      1      1655      1698      1699      1656
1080   1      1      1656      1699      1700      1657
1081   1      1      1657      1700      1701      1658
1082   1      1      1658      1701      1702      1659
1083   1      1      1659      1702      1703      1660
1084   1      1      1660      1703      1704      1661
1085   1      1      1661      1704      1705      1662
1086   1      1      1662      1705      1706      1663
1087   1      1      1663      1706      1707      1664
1088   1      1      1664      1707      1666      1665
1089   1      1      1620      1665      1666      1621
1090   1      1      1575      1620      1621      1576
1091   1      1      1530      1575      1576      1531
1092   1      1      1485      1530      1531      1486
1093   1      1      1440      1485      1486      1441
1094   1      1      1395      1440      1441      1396
1095   1      1      1350      1395      1396      1351
1096   1      1      1305      1350      1351      1306
1097   1      1      1260      1305      1306      1261
1098   1      1      1215      1260      1261      1216
1099   1      1      1170      1215      1216      1171
1100   1      1      1125      1170      1171      1126
1101   1      1      1080      1125      1126      1081
1102   1      1      1035      1080      1081      1036
1103   1      1      990      1035      1036      991
1104   1      1      945      990      991      946
1105   1      1      900      945      946      901
1106   1      1      855      900      901      856
1107   1      1      810      855      856      811
1108   1      1      765      810      811      766
1109   1      1      720      765      766      721
1110   1      1      675      720      721      676
1111   1      1      630      675      676      631
1112   1      1      585      630      631      586
1113   1      1      540      585      586      541
1114   1      1      495      540      541      496
1115   1      1      450      495      496      451
1116   1      1      405      450      451      406
1117   1      1      360      405      406      361
1118   1      1      315      360      361      316
1119   1      1      270      315      316      271
1120   1      1      225      270      271      226
1121   1      1      181      224      225      226
1122   1      1      180      223      224      181
1123   1      1      179      222      223      180
1124   1      1      178      221      222      179
1125   1      1      177      220      221      178
1126   1      1      176      219      220      177
1127   1      1      175      218      219      176
1128   1      1      174      217      218      175
1129   1      1      173      216      217      174
1130   1      1      172      215      216      173
1131   1      1      171      214      215      172
1132   1      1      170      213      214      171
1133   1      1      169      212      213      170
1134   1      1      168      211      212      169
1135   1      1      167      210      211      168
1136   1      1      166      209      210      167
1137   1      1      165      208      209      166
1138   1      1      164      207      208      165
1139   1      1      163      206      207      164
1140   1      1      162      205      206      163
1141   1      1      161      204      205      162
1142   1      1      160      203      204      161
1143   1      1      159      202      203      160
1144   1      1      158      201      202      159
1145   1      1      157      200      201      158
1146   1      1      156      199      200      157
1147   1      1      155      198      199      156
1148   1      1      154      197      198      155
1149   1      1      153      196      197      154
1150   1      1      152      195      196      153
1151   1      1      151      194      195      152
1152   1      1      192      193      194      151
1153   2      1      191      236      237      192
1154   2      1      236      281      282      237
1155   2      1      281      326      327      282
1156   2      1      326      371      372      327
1157   2      1      371      416      417      372
1158   2      1      416      461      462      417
1159   2      1      461      506      507      462
1160   2      1      506      551      552      507
1161   2      1      551      596      597      552
1162   2      1      596      641      642      597
1163   2      1      641      686      687      642
1164   2      1      686      731      732      687
1165   2      1      731      776      777      732
1166   2      1      776      821      822      777
1167   2      1      821      866      867      822
1168   2      1      866      911      912      867
1169   2      1      911      956      957      912
1170   2      1      956      1001      1002      957
1171   2      1      1001      1046      1047      1002
1172   2      1      1046      1091      1092      1047
1173   2      1      1091      1136      1137      1092
1174   2      1      1136      1181      1182      1137
1175   2      1      1181      1226      1227      1182
1176   2      1      1226      1271      1272      1227
1177   2      1      1271      1316      1317      1272
1178   2      1      1316      1361      1362      1317
1179   2      1      1361      1406      1407      1362
1180   2      1      1406      1451      1452      1407
1181   2      1      1451      1496      1497      1452
1182   2      1      1496      1541      1542      1497
1183   2      1      1541      1586      1587      1542
1184   2      1      1586      1631      1632      1587
1185   2      1      1632      1631      1676      1677
1186   2      1      1677      1676      1717      1678
1187   2      1      1678      1717      1718      1679
1188   2      1      1679      1718      1719      1680
1189   2      1      1680      1719      1720      1681
1190   2      1      1681      1720      1721      1682
1191   2      1      1682      1721      1722      1683
1192   2      1      1683      1722      1723      1684
1193   2      1      1684      1723      1724      1685
1194   2      1      1685      1724      1725      1686
1195   2      1      1686      1725      1726      1687
1196   2      1      1687      1726      1727      1688
1197   2      1      1688      1727      1728      1689
1198   2      1      1689      1728      1729      1690
1199   2      1      1690      1729      1730      1691
1200   2      1      1691      1730      1731      1692
1201   2      1      1692      1731      1732      1693
1202   2      1      1693      1732      1733      1694
1203   2      1      1694      1733      1734      1695
1204   2      1      1695      1734      1735      1696
1205   2      1      1696      1735      1736      1697
1206   2      1      1697      1736      1737      1698
1207   2      1      1698      1737      1738      1699
1208   2      1      1699      1738      1739      1700
1209   2      1      1700      1739      1740      1701
1210   2      1      1701      1740      1741      1702
1211   2      1      1702      1741      1742      1703
1212   2      1      1703      1742      1743      1704
1213   2      1      1704      1743      1744      1705
1214   2      1      1705      1744      1745      1706
1215   2      1      1706      1745      1708      1707
1216   2      1      1707      1708      1667      1666
1217   2      1      1621      1666      1667      1622
1218   2      1      1576      1621      1622      1577
1219   2      1      1531      1576      1577      1532
1220   2      1      1486      1531      1532      1487
1221   2      1      1441      1486      1487      1442
1222   2      1      1396      1441      1442      1397
1223   2      1      1351      1396      1397      1352
1224   2      1      1306      1351      1352      1307
1225   2      1      1261      1306      1307      1262
1226   2      1      1216      1261      1262      1217
1227   2      1      1171      1216      1217      1172
1228   2      1      1126      1171      1172      1127
1229   2      1      1081      1126      1127      1082
1230   2      1      1036      1081      1082      1037
1231   2      1      991      1036      1037      992
1232   2      1      946      991      992      947
1233   2      1      901      946      947      902
1234   2      1      856      901      902      857
1235   2      1      811      856      857      812
1236   2      1      766      811      812      767
1237   2      1      721      766      767      722
1238   2      1      676      721      722      677
1239   2      1      631      676      677      632
1240   2      1      586      631      632      587
1241   2      1      541      586      587      542
1242   2      1      496      541      542      497
1243   2      1      451      496      497      452
1244   2      1      406      451      452      407
1245   2      1      361      406      407      362
1246   2      1      316      361      362      317
1247   2      1      271      316      317      272
1248   2      1      226      271      272      227
1249   2      1      182      181      226      227
1250   2      1      141      180      181      182
1251   2      1      140      179      180      141
1252   2      1      139      178      179      140
1253   2      1      138      177      178      139
1254   2      1      137      176      177      138
1255   2      1      136      175      176      137
1256   2      1      135      174      175      136
1257   2      1      134      173      174      135
1258   2      1      133      172      173      134
1259   2      1      132      171      172      133
1260   2      1      131      170      171      132
1261   2      1      130      169      170      131
1262   2      1      129      168      169      130
1263   2      1      128      167      168      129
1264   2      1      127      166      167      128
1265   2      1      126      165      166      127
1266   2      1      125      164      165      126
1267   2      1      124      163      164      125
1268   2      1      123      162      163      124
1269   2      1      122      161      162      123
1270   2      1      121      160      161      122
1271   2      1      120      159      160      121
1272   2      1      119      158      159      120
1273   2      1      118      157      158      119
1274   2      1      117      156      157      118
1275   2      1      116      155      156      117
1276   2      1      115      154      155      116
1277   2      1      114      153      154      115
1278   2      1      113      152      153      114
1279   2      1      150      151      152      113
1280   2      1      191      192      151      150
1281   3      1      190      235      236      191
1282   3      1      235      280      281      236
1283   3      1      280      325      326      281
1284   3      1      325      370      371      326
1285   3      1      370      415      416      371
1286   3      1      415      460      461      416
1287   3      1      460      505      506      461
1288   3      1      505      550      551      506
1289   3      1      550      595      596      551
1290   3      1      595      640      641      596
1291   3      1      640      685      686      641
1292   3      1      685      730      731      686
1293   3      1      730      775      776      731
1294   3      1      775      820      821      776
1295   3      1      820      865      866      821
1296   3      1      865      910      911      866
1297   3      1      910      955      956      911
1298   3      1      955      1000      1001      956
1299   3      1      1000      1045      1046      1001
1300   3      1      1045      1090      1091      1046
1301   3      1      1090      1135      1136      1091
1302   3      1      1135      1180      1181      1136
1303   3      1      1180      1225      1226      1181
1304   3      1      1225      1270      1271      1226
1305   3      1      1270      1315      1316      1271
1306   3      1      1315      1360      1361      1316
1307   3      1      1360      1405      1406      1361
1308   3      1      1405      1450      1451      1406
1309   3      1      1450      1495      1496      1451
1310   3      1      1495      1540      1541      1496
1311   3      1      1540      1585      1586      1541
1312   3      1      1585      1630      1631      1586
1313   3      1      1631      1630      1675      1676
1314   3      1      1676      1675      1716      1717
1315   3      1      1717      1716      1753      1718
1316   3      1      1718      1753      1754      1719
1317   3      1      1719      1754      1755      1720
1318   3      1      1720      1755      1756      1721
1319   3      1      1721      1756      1757      1722
1320   3      1      1722      1757      1758      1723
1321   3      1      1723      1758      1759      1724
1322   3      1      1724      1759      1760      1725
1323   3      1      1725      1760      1761      1726
1324   3      1      1726      1761      1762      1727
1325   3      1      1727      1762      1763      1728
1326   3      1      1728      1763      1764      1729
1327   3      1      1729      1764      1765      1730
1328   3      1      1730      1765      1766      1731
1329   3      1      1731      1766      1767      1732
1330   3      1      1732      1767      1768      1733
1331   3      1      1733      1768      1769      1734
1332   3      1      1734      1769      1770      1735
1333   3      1      1735      1770      1771      1736
1334   3      1      1736      1771      1772      1737
1335   3      1      1737      1772      1773      1738
1336   3      1      1738      1773      1774      1739
1337   3      1      1739      1774      1775      1740
1338   3      1      1740      1775      1776      1741
1339   3      1      1741      1776      1777      1742
1340   3      1      1742      1777      1778      1743
1341   3      1      1743      1778      1779      1744
1342   3      1      1744      1779      1746      1745
1343   3      1      1745      1746      1709      1708
1344   3      1      1708      1709      1668      1667
1345   3      1      1622      1667      1668      1623
1346   3      1      1577      1622      1623      1578
1347   3      1      1532      1577      1578      1533
1348   3      1      1487      1532      1533      1488
1349   3      1      1442      1487      1488      1443
1350   3      1      1397      1442      1443      1398
1351   3      1      1352      1397      1398      1353
1352   3      1      1307      1352      1353      1308
1353   3      1      1262      1307      1308      1263
1354   3      1      1217      1262      1263      1218
1355   3      1      1172      1217      1218      1173
1356   3      1      1127      1172      1173      1128
1357   3      1      1082      1127      1128      1083
1358   3      1      1037      1082      1083      1038
1359   3      1      992      1037      1038      993
1360   3      1      947      992      993      948
1361   3      1      902      947      948      903
1362   3      1      857      902      903      858
1363   3      1      812      857      858      813
1364   3      1      767      812      813      768
1365   3      1      722      767      768      723
1366   3      1      677      722      723      678
1367   3      1      632      677      678      633
1368   3      1      587      632      633      588
1369   3      1      542      587      588      543
1370   3      1      497      542      543      498
1371   3      1      452      497      498      453
1372   3      1      407      452      453      408
1373   3      1      362      407      408      363
1374   3      1      317      362      363      318
1375   3      1      272      317      318      273
1376   3      1      227      272      273      228
1377   3      1      183      182      227      228
1378   3      1      142      141      182      183
1379   3      1      105      140      141      142
1380   3      1      104      139      140      105
1381   3      1      103      138      139      104
1382   3      1      102      137      138      103
1383   3      1      101      136      137      102
1384   3      1      100      135      136      101
1385   3      1      99      134      135      100
1386   3      1      98      133      134      99
1387   3      1      97      132      133      98
1388   3      1      96      131      132      97
1389   3      1      95      130      131      96
1390   3      1      94      129      130      95
1391   3      1      93      128      129      94
1392   3      1      92      127      128      93
1393   3      1      91      126      127      92
1394   3      1      90      125      126      91
1395   3      1      89      124      125      90
1396   3      1      88      123      124      89
1397   3      1      87      122      123      88
1398   3      1      86      121      122      87
1399   3      1      85      120      121      86
1400   3      1      84      119      120      85
1401   3      1      83      118      119      84
1402   3      1      82      117      118      83
1403   3      1      81      116      117      82
1404   3      1      80      115      116      81
1405   3      1      79      114      115      80
1406   3      1      112      113      114      79
1407   3      1      149      150      113      112
1408   3      1      190      191      150      149
1409   4      1      189      234      235      190
1410   4      1      234      279      280      235
1411   4      1      279      324      325      280
1412   4      1      324      369      370      325
1413   4      1      369      414      415      370
1414   4      1      414      459      460      415
1415   4      1      459      504      505      460
1416   4      1      504      549      550      505
1417   4      1      549      594      595      550
1418   4      1      594      639      640      595
1419   4      1      639      684      685      640
1420   4      1      684      729      730      685
1421   4      1      729      774      775      730
1422   4      1      774      819      820      775
1423   4      1      819      864      865      820
1424   4      1      864      909      910      865
1425   4      1      909      954      955      910
1426   4      1      954      999      1000      955
1427   4      1      999      1044      1045      1000
1428   4      1      1044      1089      1090      1045
1429   4      1      1089      1134      1135      1090
1430   4      1      1134      1179      1180      1135
1431   4      1      1179      1224      1225      1180
1432   4      1      1224      1269      1270      1225
1433   4      1      1269      1314      1315      1270
1434   4      1      1314      1359      1360      1315
1435   4      1      1359      1404      1405      1360
1436   4      1      1404      1449      1450      1405
1437   4      1      1449      1494      1495      1450
1438   4      1      1494      1539      1540      1495
1439   4      1      1539      1584      1585      1540
1440   4      1      1584      1629      1630      1585
1441   4      1      1630      1629      1674      1675
1442   4      1      1675      1674      1715      1716
1443   4      1      1716      1715      1752      1753
1444   4      1      1753      1752      1785      1754
1445   4      1      1754      1785      1786      1755
1446   4      1      1755      1786      1787      1756
1447   4      1      1756      1787      1788      1757
1448   4      1      1757      1788      1789      1758
1449   4      1      1758      1789      1790      1759
1450   4      1      1759      1790      1791      1760
1451   4      1      1760      1791      1792      1761
1452   4      1      1761      1792      1793      1762
1453   4      1      1762      1793      1794      1763
1454   4      1      1763      1794      1795      1764
1455   4      1      1764      1795      1796      1765
1456   4      1      1765      1796      1797      1766
1457   4      1      1766      1797      1798      1767
1458   4      1      1767      1798      1799      1768
1459   4      1      1768      1799      1800      1769
1460   4      1      1769      1800      1801      1770
1461   4      1      1770      1801      1802      1771
1462   4      1      1771      1802      1803      1772
1463   4      1      1772      1803      1804      1773
1464   4      1      1773      1804      1805      1774
1465   4      1      1774      1805      1806      1775
1466   4      1      1775      1806      1807      1776
1467   4      1      1776      1807      1808      1777
1468   4      1      1777      1808      1809      1778
1469   4      1      1778      1809      1780      1779
1470   4      1      1779      1780      1747      1746
1471   4      1      1746      1747      1710      1709
1472   4      1      1709      1710      1669      1668
1473   4      1      1623      1668      1669      1624
1474   4      1      1578      1623      1624      1579
1475   4      1      1533      1578      1579      1534
1476   4      1      1488      1533      1534      1489
1477   4      1      1443      1488      1489      1444
1478   4      1      1398      1443      1444      1399
1479   4      1      1353      1398      1399      1354
1480   4      1      1308      1353      1354      1309
1481   4      1      1263      1308      1309      1264
1482   4      1      1218      1263      1264      1219
1483   4      1      1173      1218      1219      1174
1484   4      1      1128      1173      1174      1129
1485   4      1      1083      1128      1129      1084
1486   4      1      1038      1083      1084      1039
1487   4      1      993      1038      1039      994
1488   4      1      948      993      994      949
1489   4      1      903      948      949      904
1490   4      1      858      903      904      859
1491   4      1      813      858      859      814
1492   4      1      768      813      814      769
1493   4      1      723      768      769      724
1494   4      1      678      723      724      679
1495   4      1      633      678      679      634
1496   4      1      588      633      634      589
1497   4      1      543      588      589      544
1498   4      1      498      543      544      499
1499   4      1      453      498      499      454
1500   4      1      408      453      454      409
1501   4      1      363      408      409      364
1502   4      1      318      363      364      319
1503   4      1      273      318      319      274
1504   4      1      228      273      274      229
1505   4      1      184      183      228      229
1506   4      1      143      142      183      184
1507   4      1      106      105      142      143
1508   4      1      73      104      105      106
1509   4      1      72      103      104      73
1510   4      1      71      102      103      72
1511   4      1      70      101      102      71
1512   4      1      69      100      101      70
1513   4      1      68      99      100      69
1514   4      1      67      98      99      68
1515   4      1      66      97      98      67
1516   4      1      65      96      97      66
1517   4      1      64      95      96      65
1518   4      1      63      94      95      64
1519   4      1      62      93      94      63
1520   4      1      61      92      93      62
1521   4      1      60      91      92      61
1522   4      1      59      90      91      60
1523   4      1      58      89      90      59
1524   4      1      57      88      89      58
1525   4      1      56      87      88      57
1526   4      1      55      86      87      56
1527   4      1      54      85      86      55
1528   4      1      53      84      85      54
1529   4      1      52      83      84      53
1530   4      1      51      82      83      52
1531   4      1      50      81      82      51
1532   4      1      49      80      81      50
1533   4      1      78      79      80      49
1534   4      1      111      112      79      78
1535   4      1      148      149      112      111
1536   4      1      189      190      149      148
1537   5      1      188      233      234      189
1538   5      1      233      278      279      234
1539   5      1      278      323      324      279
1540   5      1      323      368      369      324
1541   5      1      368      413      414      369
1542   5      1      413      458      459      414
1543   5      1      458      503      504      459
1544   5      1      503      548      549      504
1545   5      1      548      593      594      549
1546   5      1      593      638      639      594
1547   5      1      638      683      684      639
1548   5      1      683      728      729      684
1549   5      1      728      773      774      729
1550   5      1      773      818      819      774
1551   5      1      818      863      864      819
1552   5      1      863      908      909      864
1553   5      1      908      953      954      909
1554   5      1      953      998      999      954
1555   5      1      998      1043      1044      999
1556   5      1      1043      1088      1089      1044
1557   5      1      1088      1133      1134      1089
1558   5      1      1133      1178      1179      1134
1559   5      1      1178      1223      1224      1179
1560   5      1      1223      1268      1269      1224
1561   5      1      1268      1313      1314      1269
1562   5      1      1313      1358      1359      1314
1563   5      1      1358      1403      1404      1359
1564   5      1      1403      1448      1449      1404
1565   5      1      1448      1493      1494      1449
1566   5      1      1493      1538      1539      1494
1567   5      1      1538      1583      1584      1539
1568   5      1      1583      1628      1629      1584
1569   5      1      1629      1628      1673      1674
1570   5      1      1674      1673      1714      1715
1571   5      1      1715      1714      1751      1752
1572   5      1      1752      1751      1784      1785
1573   5      1      1785      1784      1813      1786
1574   5      1      1786      1813      1814      1787
1575   5      1      1787      1814      1815      1788
1576   5      1      1788      1815      1816      1789
1577   5      1      1789      1816      1817      1790
1578   5      1      1790      1817      1818      1791
1579   5      1      1791      1818      1819      1792
1580   5      1      1792      1819      1820      1793
1581   5      1      1793      1820      1821      1794
1582   5      1      1794      1821      1822      1795
1583   5      1      1795      1822      1823      1796
1584   5      1      1796      1823      1824      1797
1585   5      1      1797      1824      1825      1798
1586   5      1      1798      1825      1826      1799
1587   5      1      1799      1826      1827      1800
1588   5      1      1800      1827      1828      1801
1589   5      1      1801      1828      1829      1802
1590   5      1      1802      1829      1830      1803
1591   5      1      1803      1830      1831      1804
1592   5      1      1804      1831      1832      1805
1593   5      1      1805      1832      1833      1806
1594   5      1      1806      1833      1834      1807
1595   5      1      1807      1834      1835      1808
1596   5      1      1808      1835      1810      1809
1597   5      1      1809      1810      1781      1780
1598   5      1      1780      1781      1748      1747
1599   5      1      1747      1748      1711      1710
1600   5      1      1710      1711      1670      1669
1601   5      1      1624      1669      1670      1625
1602   5      1      1579      1624      1625      1580
1603   5      1      1534      1579      1580      1535
1604   5      1      1489      1534      1535      1490
1605   5      1      1444      1489      1490      1445
1606   5      1      1399      1444      1445      1400
1607   5      1      1354      1399      1400      1355
1608   5      1      1309      1354      1355      1310
1609   5      1      1264      1309      1310      1265
1610   5      1      1219      1264      1265      1220
1611   5      1      1174      1219      1220      1175
1612   5      1      1129      1174      1175      1130
1613   5      1      1084      1129      1130      1085
1614   5      1      1039      1084      1085      1040
1615   5      1      994      1039      1040      995
1616   5      1      949      994      995      950
1617   5      1      904      949      950      905
1618   5      1      859      904      905      860
1619   5      1      814      859      860      815
1620   5      1      769      814      815      770
1621   5      1      724      769      770      725
1622   5      1      679      724      725      680
1623   5      1      634      679      680      635
1624   5      1      589      634      635      590
1625   5      1      544      589      590      545
1626   5      1      499      544      545      500
1627   5      1      454      499      500      455
1628   5      1      409      454      455      410
1629   5      1      364      409      410      365
1630   5      1      319      364      365      320
1631   5      1      274      319      320      275
1632   5      1      229      274      275      230
1633   5      1      185      184      229      230
1634   5      1      144      143      184      185
1635   5      1      107      106      143      144
1636   5      1      74      73      106      107
1637   5      1      45      72      73      74
1638   5      1      44      71      72      45
1639   5      1      43      70      71      44
1640   5      1      42      69      70      43
1641   5      1      41      68      69      42
1642   5      1      40      67      68      41
1643   5      1      39      66      67      40
1644   5      1      38      65      66      39
1645   5      1      37      64      65      38
1646   5      1      36      63      64      37
1647   5      1      35      62      63      36
1648   5      1      34      61      62      35
1649   5      1      33      60      61      34
1650   5      1      32      59      60      33
1651   5      1      31      58      59      32
1652   5      1      30      57      58      31
1653   5      1      29      56      57      30
1654   5      1      28      55      56      29
1655   5      1      27      54      55      28
1656   5      1      26      53      54      27
1657   5      1      25      52      53      26
1658   5      1      24      51      52      25
1659   5      1      23      50      51      24
1660   5      1      48      49      50      23
1661   5      1      77      78      49      48
1662   5      1      110      111      78      77
1663   5      1      147      148      111      110
1664   5      1      188      189      148      147
1665   6      1      187      232      233      188
1666   6      1      232      277      278      233
1667   6      1      277      322      323      278
1668   6      1      322      367      368      323
1669   6      1      367      412      413      368
1670   6      1      412      457      458      413
1671   6      1      457      502      503      458
1672   6      1      502      547      548      503
1673   6      1      547      592      593      548
1674   6      1      592      637      638      593
1675   6      1      637      682      683      638
1676   6      1      682      727      728      683
1677   6      1      727      772      773      728
1678   6      1      772      817      818      773
1679   6      1      817      862      863      818
1680   6      1      862      907      908      863
1681   6      1      907      952      953      908
1682   6      1      952      997      998      953
1683   6      1      997      1042      1043      998
1684   6      1      1042      1087      1088      1043
1685   6      1      1087      1132      1133      1088
1686   6      1      1132      1177      1178      1133
1687   6      1      1177      1222      1223      1178
1688   6      1      1222      1267      1268      1223
1689   6      1      1267      1312      1313      1268
1690   6      1      1312      1357      1358      1313
1691   6      1      1357      1402      1403      1358
1692   6      1      1402      1447      1448      1403
1693   6      1      1447      1492      1493      1448
1694   6      1      1492      1537      1538      1493
1695   6      1      1537      1582      1583      1538
1696   6      1      1582      1627      1628      1583
1697   6      1      1628      1627      1672      1673
1698   6      1      1673      1672      1713      1714
1699   6      1      1714      1713      1750      1751
1700   6      1      1751      1750      1783      1784
1701   6      1      1784      1783      1812      1813
1702   6      1      1813      1812      1837      1814
1703   6      1      1814      1837      1838      1815
1704   6      1      1815      1838      1839      1816
1705   6      1      1816      1839      1840      1817
1706   6      1      1817      1840      1841      1818
1707   6      1      1818      1841      1842      1819
1708   6      1      1819      1842      1843      1820
1709   6      1      1820      1843      1844      1821
1710   6      1      1821      1844      1845      1822
1711   6      1      1822      1845      1846      1823
1712   6      1      1823      1846      1847      1824
1713   6      1      1824      1847      1848      1825
1714   6      1      1825      1848      1849      1826
1715   6      1      1826      1849      1850      1827
1716   6      1      1827      1850      1851      1828
1717   6      1      1828      1851      1852      1829
1718   6      1      1829      1852      1853      1830
1719   6      1      1830      1853      1854      1831
1720   6      1      1831      1854      1855      1832
1721   6      1      1832      1855      1856      1833
1722   6      1      1833      1856      1857      1834
1723   6      1      1834      1857      1836      1835
1724   6      1      1835      1836      1811      1810
1725   6      1      1810      1811      1782      1781
1726   6      1      1781      1782      1749      1748
1727   6      1      1748      1749      1712      1711
1728   6      1      1711      1712      1671      1670
1729   6      1      1625      1670      1671      1626
1730   6      1      1580      1625      1626      1581
1731   6      1      1535      1580      1581      1536
1732   6      1      1490      1535      1536      1491
1733   6      1      1445      1490      1491      1446
1734   6      1      1400      1445      1446      1401
1735   6      1      1355      1400      1401      1356
1736   6      1      1310      1355      1356      1311
1737   6      1      1265      1310      1311      1266
1738   6      1      1220      1265      1266      1221
1739   6      1      1175      1220      1221      1176
1740   6      1      1130      1175      1176      1131
1741   6      1      1085      1130      1131      1086
1742   6      1      1040      1085      1086      1041
1743   6      1      995      1040      1041      996
1744   6      1      950      995      996      951
1745   6      1      905      950      951      906
1746   6      1      860      905      906      861
1747   6      1      815      860      861      816
1748   6      1      770      815      816      771
1749   6      1      725      770      771      726
1750   6      1      680      725      726      681
1751   6      1      635      680      681      636
1752   6      1      590      635      636      591
1753   6      1      545      590      591      546
1754   6      1      500      545      546      501
1755   6      1      455      500      501      456
1756   6      1      410      455      456      411
1757   6      1      365      410      411      366
1758   6      1      320      365      366      321
1759   6      1      275      320      321      276
1760   6      1      230      275      276      231
1761   6      1      186      185      230      231
1762   6      1      145      144      185      186
1763   6      1      108      107      144      145
1764   6      1      75      74      107      108
1765   6      1      46      45      74      75
1766   6      1      21      44      45      46
1767   6      1      20      43      44      21
1768   6      1      19      42      43      20
1769   6      1      18      41      42      19
1770   6      1      17      40      41      18
1771   6      1      16      39      40      17
1772   6      1      15      38      39      16
1773   6      1      14      37      38      15
1774   6      1      13      36      37      14
1775   6      1      12      35      36      13
1776   6      1      11      34      35      12
1777   6      1      10      33      34      11
1778   6      1      9      32      33      10
1779   6      1      8      31      32      9
1780   6      1      7      30      31      8
1781   6      1      6      29      30      7
1782   6      1      5      28      29      6
1783   6      1      4      27      28      5
1784   6      1      3      26      27      4
1785   6      1      2      25      26      3
1786   6      1      1      24      25      2
1787   6      1      22      23      24      1
1788   6      1      47      48      23      22
1789   6      1      76      77      48      47
1790   6      1      109      110      77      76
1791   6      1      146      147      110      109
1792   6      1      187      188      147      146
